---
build/images/background-29e26e74.png: 2015-06-15 18:44:57.000000000 +00:00
build/images/middleman-50d9de35.png: 2015-06-15 18:44:57.000000000 +00:00
