---
build/img/background-29e26e74.png: 2015-06-15 19:27:48.000000000 +00:00
build/img/middleman-50d9de35.png: 2015-06-15 19:27:48.000000000 +00:00
